0 0.49354687 0.71577083 0.12581250 0.30966667
0 0.56592188 0.72480208 0.12075000 0.34260417
0 0.61762500 0.70560417 0.12343750 0.33766667
0 0.28354687 0.51439583 0.04656250 0.15658333
0 0.42814062 0.54284375 0.04646875 0.12552083
0 0.41203906 0.53361458 0.05673438 0.13910417
0 0.46439063 0.54271875 0.04693750 0.14510417
0 0.25727344 0.45283333 0.04623438 0.09012500
0 0.67272656 0.69193750 0.11676563 0.32854167
0 0.48240625 0.50919792 0.03775000 0.10014583
0 0.30653906 0.54305208 0.01267188 0.10427083
